[KeyContext]
geolocation_key = AIzaSyAZr2FZmHO9P0zduXKWw1paIPzmjHCZi2s
weather_service_key = 02e9190772a446f6248c63a5998c1a6f
news_service_key = 5f684a612b400e1ff16f84dd76113701:2:75139174

[PrimaryContext]
latitude = 41.83542166650000027061651054
longitude = -87.62411416669999795203693792

[SecondaryContext]
city = Chicago

[TertiaryContext]
temperature = 52.2734
pressure = 1001.3
humidity = 98
temp_min = 52.2734
temp_max = 52.2734
wind_speed = 3.58
wind_direction = 61.5014

[ContextReason]
room_temperature_preference = 75
heating_unit_on = True
cooling_unit_on = False
heating_unit_t_difference = 22.7266
cooling_unit_t_difference = 0.0

